{
  "period_h": 7.149043654656226,
  "pole_lon_deg": 114.4767949027378,
  "pole_lat_deg": 0.7241979235568152,
  "sigma_period_h": 0.22500098844692173,
  "sigma_pole_deg": 8.809053014577648
}
