{
  "period_h": 11.414119910788814,
  "pole_lon_deg": 231.79144322903923,
  "pole_lat_deg": 51.64185812333278,
  "sigma_period_h": 0.13868283976546625,
  "sigma_pole_deg": 3.817909774278215
}
