{
  "period_h": 9.570563000621888,
  "pole_lon_deg": 160.61625920665105,
  "pole_lat_deg": -19.036603824562803,
  "sigma_period_h": 0.11030241782957531,
  "sigma_pole_deg": 7.042260744951108
}
