{
  "period_h": 9.988864155655595,
  "pole_lon_deg": 320.68529671626897,
  "pole_lat_deg": 62.95146235165811,
  "sigma_period_h": 0.1537716720772898,
  "sigma_pole_deg": 4.527432414646344
}
