{
  "period_h": 9.837485669419024,
  "pole_lon_deg": 199.07750349104398,
  "pole_lat_deg": 69.78239789415395,
  "sigma_period_h": 0.20606029878187843,
  "sigma_pole_deg": 5.834956512996323
}
