{
  "period_h": 8.755469310051614,
  "pole_lon_deg": 52.622367909371384,
  "pole_lat_deg": 51.94627047301461,
  "sigma_period_h": 0.11206693478481489,
  "sigma_pole_deg": 3.150975463769141
}
