{
  "period_h": 6.164279527281406,
  "pole_lon_deg": 131.10912639793943,
  "pole_lat_deg": -29.68960316731794,
  "sigma_period_h": 0.08152232972499993,
  "sigma_pole_deg": 3.182266980337533
}
