{
  "period_h": 7.326459217364877,
  "pole_lon_deg": 14.981102590281292,
  "pole_lat_deg": -0.9614689208769676,
  "sigma_period_h": 0.11597224246655707,
  "sigma_pole_deg": 3.156193510928375
}
