{
  "period_h": 8.165379219772301,
  "pole_lon_deg": 158.0081257098168,
  "pole_lat_deg": -76.54206721914713,
  "sigma_period_h": 0.21525838483887155,
  "sigma_pole_deg": 9.169286174718135
}
