{
  "period_h": 6.619964515300364,
  "pole_lon_deg": 136.60706870169443,
  "pole_lat_deg": 29.718935272951256,
  "sigma_period_h": 0.10937529491425707,
  "sigma_pole_deg": 9.590863413722722
}
