{
  "period_h": 6.177932494761272,
  "pole_lon_deg": 34.70074637525975,
  "pole_lat_deg": 64.41638344701465,
  "sigma_period_h": 0.14115525796672224,
  "sigma_pole_deg": 3.6189069183618425
}
