{
  "period_h": 7.180625550599525,
  "pole_lon_deg": 108.34152904113832,
  "pole_lat_deg": -1.826552743754661,
  "sigma_period_h": 0.1825728425527165,
  "sigma_pole_deg": 9.64498605637576
}
