{
  "period_h": 6.251071136175972,
  "pole_lon_deg": 105.6937527960061,
  "pole_lat_deg": 25.90664235630321,
  "sigma_period_h": 0.16140643046825567,
  "sigma_pole_deg": 8.271185672851308
}
