{
  "period_h": 5.335783359261631,
  "pole_lon_deg": 8.176346328189773,
  "pole_lat_deg": -65.59234227589732,
  "sigma_period_h": 0.19447187011929007,
  "sigma_pole_deg": 5.695017842011099
}
