{
  "period_h": 11.400960947014378,
  "pole_lon_deg": 209.1820102921422,
  "pole_lat_deg": -24.50083127442607,
  "sigma_period_h": 0.16818309829628336,
  "sigma_pole_deg": 2.18243096823758
}
