{
  "period_h": 6.431600784500898,
  "pole_lon_deg": 11.094420444458187,
  "pole_lat_deg": -10.125217722822015,
  "sigma_period_h": 0.09291693456390585,
  "sigma_pole_deg": 5.268229149797089
}
