{
  "period_h": 9.05331519297652,
  "pole_lon_deg": 272.9115864307346,
  "pole_lat_deg": -23.27584509922106,
  "sigma_period_h": 0.24413960487898068,
  "sigma_pole_deg": 9.144968970577581
}
