{
  "period_h": 9.377920744318494,
  "pole_lon_deg": 101.244162182043,
  "pole_lat_deg": 25.507621550704286,
  "sigma_period_h": 0.19539892285737653,
  "sigma_pole_deg": 8.149179935341255
}
