{
  "period_h": 8.283478318640025,
  "pole_lon_deg": 305.48177595850484,
  "pole_lat_deg": 24.413974489616322,
  "sigma_period_h": 0.21087836558941547,
  "sigma_pole_deg": 6.2617782085259215
}
