{
  "period_h": 10.939925054018598,
  "pole_lon_deg": 163.4028775474679,
  "pole_lat_deg": -40.3456699277827,
  "sigma_period_h": 0.09733247259951623,
  "sigma_pole_deg": 7.968114241947571
}
