{
  "period_h": 10.852914272739003,
  "pole_lon_deg": 273.06703074067565,
  "pole_lat_deg": 35.11407295214988,
  "sigma_period_h": 0.13641860795502075,
  "sigma_pole_deg": 7.0184707256195455
}
