{
  "period_h": 8.648932873767219,
  "pole_lon_deg": 71.91923459762074,
  "pole_lat_deg": 48.65992418916204,
  "sigma_period_h": 0.19308142592316035,
  "sigma_pole_deg": 7.911872031324334
}
