{
  "period_h": 5.151180020410006,
  "pole_lon_deg": 5.017063574952556,
  "pole_lat_deg": -43.25503520018316,
  "sigma_period_h": 0.0763644435573042,
  "sigma_pole_deg": 7.42126938890286
}
