{
  "period_h": 5.228907161536469,
  "pole_lon_deg": 41.576422919527786,
  "pole_lat_deg": -76.6163173861696,
  "sigma_period_h": 0.061079081832852024,
  "sigma_pole_deg": 3.3971317674868216
}
