{
  "period_h": 5.995100606657695,
  "pole_lon_deg": 205.64375462739818,
  "pole_lat_deg": -13.398011887489233,
  "sigma_period_h": 0.0598508239855188,
  "sigma_pole_deg": 4.988913107676573
}
