{
  "period_h": 4.755733344492122,
  "pole_lon_deg": 268.84426008564935,
  "pole_lat_deg": -38.00631745234165,
  "sigma_period_h": 0.23736263010675585,
  "sigma_pole_deg": 3.927764600045478
}
