{
  "period_h": 9.11650616989688,
  "pole_lon_deg": 95.92679430030458,
  "pole_lat_deg": -57.637054247366905,
  "sigma_period_h": 0.14557545480474915,
  "sigma_pole_deg": 5.33511494875908
}
