{
  "period_h": 11.609557280030728,
  "pole_lon_deg": 42.65228779813489,
  "pole_lat_deg": 56.08538867052522,
  "sigma_period_h": 0.17741477679824152,
  "sigma_pole_deg": 2.9753734266809007
}
