{
  "period_h": 9.139866207964381,
  "pole_lon_deg": 280.43868764812646,
  "pole_lat_deg": -58.47164665389647,
  "sigma_period_h": 0.15721360718952748,
  "sigma_pole_deg": 6.113782961523316
}
