{
  "period_h": 4.299300449409438,
  "pole_lon_deg": 199.74688898093402,
  "pole_lat_deg": -20.652434582009803,
  "sigma_period_h": 0.21595794862648265,
  "sigma_pole_deg": 8.466011776514414
}
