{
  "period_h": 11.48751858160501,
  "pole_lon_deg": 49.46685481360878,
  "pole_lat_deg": 73.42083934545286,
  "sigma_period_h": 0.21017683521701935,
  "sigma_pole_deg": 6.749456035730833
}
