{
  "period_h": 7.634543694733972,
  "pole_lon_deg": 297.1438240306756,
  "pole_lat_deg": -32.74255594494562,
  "sigma_period_h": 0.14170961635971024,
  "sigma_pole_deg": 5.5385130165431455
}
