{
  "period_h": 8.441584338614597,
  "pole_lon_deg": 228.23104020519065,
  "pole_lat_deg": -63.05641539987947,
  "sigma_period_h": 0.07806791941278253,
  "sigma_pole_deg": 5.352914554530431
}
