{
  "period_h": 4.6618399993795085,
  "pole_lon_deg": 175.19699910173773,
  "pole_lat_deg": -1.4868809032766563,
  "sigma_period_h": 0.23756529099499657,
  "sigma_pole_deg": 6.573824419008603
}
