{
  "period_h": 4.058898158008044,
  "pole_lon_deg": 283.2927759007698,
  "pole_lat_deg": 26.37613705472515,
  "sigma_period_h": 0.191033075725267,
  "sigma_pole_deg": 8.245832248175743
}
