{
  "period_h": 8.181054204104981,
  "pole_lon_deg": 275.0124204023717,
  "pole_lat_deg": 47.879154641930654,
  "sigma_period_h": 0.14843064311508583,
  "sigma_pole_deg": 6.796747532180898
}
