{
  "period_h": 5.515770872674286,
  "pole_lon_deg": 46.77174192076979,
  "pole_lat_deg": -3.8872118038506045,
  "sigma_period_h": 0.09538186981017682,
  "sigma_pole_deg": 7.358511957460083
}
