{
  "period_h": 4.9162405882877875,
  "pole_lon_deg": 240.62506624456978,
  "pole_lat_deg": -4.624607017098796,
  "sigma_period_h": 0.16304722129623778,
  "sigma_pole_deg": 8.119990859328205
}
