{
  "period_h": 8.246156724792428,
  "pole_lon_deg": 218.16569545200394,
  "pole_lat_deg": 58.83823260416179,
  "sigma_period_h": 0.17062143146774514,
  "sigma_pole_deg": 5.300572554189443
}
