{
  "period_h": 4.35043012629783,
  "pole_lon_deg": 55.544217144317216,
  "pole_lat_deg": 29.28783251879274,
  "sigma_period_h": 0.19895243118156342,
  "sigma_pole_deg": 9.74007785947368
}
