{
  "period_h": 6.4989331310563285,
  "pole_lon_deg": 299.6135285022724,
  "pole_lat_deg": 48.7622971994883,
  "sigma_period_h": 0.12749567580603488,
  "sigma_pole_deg": 4.306624831441953
}
