{
  "period_h": 4.701672095286147,
  "pole_lon_deg": 236.83078261459002,
  "pole_lat_deg": -13.02267187353928,
  "sigma_period_h": 0.20486428322836864,
  "sigma_pole_deg": 7.369851306468741
}
