{
  "period_h": 5.619236745005747,
  "pole_lon_deg": 250.12732637465936,
  "pole_lat_deg": 57.71505093214304,
  "sigma_period_h": 0.07642056746030879,
  "sigma_pole_deg": 6.915037924335358
}
