{
  "period_h": 11.695181316396116,
  "pole_lon_deg": 327.0890486547385,
  "pole_lat_deg": 31.953141409719933,
  "sigma_period_h": 0.10317399229190392,
  "sigma_pole_deg": 9.75341101878179
}
