{
  "period_h": 8.120457033853716,
  "pole_lon_deg": 92.14743260433698,
  "pole_lat_deg": 69.76697120783413,
  "sigma_period_h": 0.08292156351640363,
  "sigma_pole_deg": 2.359284955138632
}
