{
  "period_h": 10.434887324903766,
  "pole_lon_deg": 168.25737655990494,
  "pole_lat_deg": 45.56215188034999,
  "sigma_period_h": 0.05356735679539755,
  "sigma_pole_deg": 2.8731519741258795
}
