{
  "period_h": 5.434146465261913,
  "pole_lon_deg": 215.77780494750365,
  "pole_lat_deg": 59.92992653399432,
  "sigma_period_h": 0.08928693314291465,
  "sigma_pole_deg": 4.482589383200758
}
