{
  "period_h": 6.027066830713498,
  "pole_lon_deg": 212.4273223289913,
  "pole_lat_deg": -64.7921283896958,
  "sigma_period_h": 0.17323314000482426,
  "sigma_pole_deg": 3.3703304327423105
}
