{
  "period_h": 9.57894423247491,
  "pole_lon_deg": 33.90384523955383,
  "pole_lat_deg": 76.09957626188094,
  "sigma_period_h": 0.20222794039807063,
  "sigma_pole_deg": 8.28851444221563
}
