{
  "period_h": 4.415694931720834,
  "pole_lon_deg": 332.94307284650233,
  "pole_lat_deg": -64.14189734721992,
  "sigma_period_h": 0.21871499031955055,
  "sigma_pole_deg": 9.221225151420937
}
